              precision    recall  f1-score   support

     digit_1     0.9524    1.0000    0.9756       180
     digit_2     0.9727    0.9889    0.9807       180
     digit_3     0.9822    0.9222    0.9513       180
     digit_4     0.9572    0.9944    0.9755       180
     digit_5     0.9048    0.9500    0.9268       180
     digit_6     0.9740    0.8333    0.8982       180
     digit_7     0.9942    0.9556    0.9745       180
     digit_8     0.9605    0.9444    0.9524       180
     digit_9     0.8744    0.9667    0.9182       180
   no_object     1.0000    1.0000    1.0000       315

    accuracy                         0.9587      1935
   macro avg     0.9572    0.9556    0.9553      1935
weighted avg     0.9602    0.9587    0.9584      1935
